Country	Anbirthrate	Pop	muh	contact_rateh	infectious_period	iotah	Dcases	TestsP	latent_referece	latent_alpha	latent_beta	latent_delta	latent_future1	latent_future2	alpha_prop	beta_prop	delta_prop	future1_prop	future2_prop	epsilonh	sev_reduce	reference_trans	alpha_trans	beta_trans	delta_trans	future1_trans	future2_trans	sigmaSE	k_in	prop_pos_imm	infect_reduce	mort_reduce	epsilonh_reduce	infectious_period_reduce	epsilonhOmi	epsilonh40	epsilonh60	lenth_of_stay	pop_inf_factor	pop_inf_factor1	pop_inf_factor2	vulnerability	vulnerability1	pop_inf_factor3	pop_inf_factor4	vun_pop_infl_factor	True burden	prop_pop_imm_21_infected	Fully_vacc	prop_pop_imm_21	deathreported	k_inA
Kenya	0.027976	54985702	0.005448	2.25	10	27	5376	292237	5	3.5	5	4	3	0	0.04	0.02	0.16	0.78	0	0.005	0.8375	1	1.5	1.25	1.97	5.6933	1	0.05	0.7	0.21	0.67	0.88	0.9	2.8	0.025	0.007	0.008	21	1950	0.005314782	0.000512821	0.01416065	0.027980794	0.00302795	0.007413658	0.000726187	24226574	0.440597703	7.853	0.484527565	0.338612792	0.07853
South Africa	0.0197	60041996	0.0094	3.05	10	119	91061	3446540	5	3.5	5	4	3	0	0.04	0.02	0.16	0.78	0	0.005	0.8375	1	1.5	1.25	1.97	5.6933	1	0.12	0.7	0.21	0.67	0.88	0.9	2.8	0.025	0.007	0.008	21	5100	0.057402156	0.000196078	0.039676391	0.14487071	0.026627346	0.020088195	0.000777968	30333409	0.505203208	26.762	0.637620726	0.99	0.26762
Algeria	0.0215	44616626	0.0047	3.79	10	630	6275	218037	5	3.5	5	4	3	0	0.04	0.02	0.16	0.78	0	0.005	0.8375	1	1.5	1.25	1.97	5.6933	1	0.03	0.7	0.21	0.67	0.88	0.9	2.8	0.025	0.007	0.008	21	3290	0.0048869	0.000303951	0.031070324	0.000353576	0.002885299	0.016035162	0.000944387	19594780	0.439181125	12.791	0.510915467	0.327018106	0.12791
Angola	0.0398	33933611	0.0078	2.45	10	95	1765	76791	5	3.5	5	4	3	0	0.04	0.02	0.16	0.78	0	0.005	0.8375	1	1.5	1.25	1.97	5.6933	1	0.13	0.7	0.21	0.67	0.88	0.9	2.8	0.025	0.007	0.008	21	1395	0.002262978	0.000716846	0.01247277	0.010638428	0.003463705	0.008736385	0.000894105	14792564	0.43592661	12.261	0.505087648	0.135170093	0.12261
Benin	0.035293	12451031	0.0086	5.2	10	10	161	25361	5	3.5	5	4	3	0	0.04	0.02	0.16	0.78	0	0.005	0.8375	1	1.5	1.25	1.97	5.6933	1	0.45	0.7	0.21	0.67	0.88	0.9	2.8	0.025	0.007	0.008	21	243	0.002036859	0.004115226	0.016272083	0.005733187	0.010999797	0.018136041	0.00669633	5427175	0.435881575	10.882	0.497268942	0.125125299	0.10882
Botswana	0.0234	2397240	0.005848	2.12	10	1	2439	212482	5	3.5	5	4	3	0	0.04	0.02	0.16	0.78	0	0.005	0.8375	1	1.5	1.25	1.97	5.6933	1	0.1	0.7	0.21	0.67	0.88	0.9	2.8	0.025	0.007	0.008	21	150	0.088636098	0.006666667	0.025593449	0.139245913	0.045899117	0.017796724	0.017062299	1337147	0.557786037	43.968	0.752218672	0.99	0.43968
Burkina Faso	0.0368	21497097	0.0077	1.24	10	13	320	17632	5	3.5	5	4	3	0	0.04	0.02	0.16	0.78	0	0.005	0.8375	1	1.5	1.25	1.97	5.6933	1	0.455	0.7	0.21	0.67	0.88	0.9	2.8	0.025	0.007	0.008	21	510	0.000820204	0.001960784	0.012298635	0.003837301	0.005379912	0.011149318	0.002411497	9246522	0.430128868	3.106	0.447829065	0.050062151	0.03106
Ethiopia	0.0312	117876226	0.006262	1.99	10	20	6926	415447	5	3.5	5	4	3	0	0.04	0.02	0.16	0.78	0	0.005	0.8375	1	1.5	1.25	1.97	5.6933	1	0.09	0.7	0.21	0.67	0.88	0.9	2.8	0.025	0.007	0.008	21	5700	0.003524434	0.000175439	0.017845208	0.005944617	0.002582656	0.009922604	0.000313074	51611475	0.437844651	3.487	0.457447008	0.185494925	0.03487
Burundi	0.03749	12255429	0.0076	3.57	10	2	14	29919	5	3.5	5	4	3	0	0.04	0.02	0.16	0.78	0	0.005	0.8375	1	1.5	1.25	1.97	5.6933	1	0.38	0.7	0.21	0.67	0.88	0.9	2.8	0.025	0.007	0.008	21	178.48	0.002441285	0.005602869	0.013066751	0.005500546	0.010852112	0.016533375	0.007321129	5332997	0.435153841	0.037	0.435362834	0.140613446	0.00037
Cabo Verde	0.0184	561901	0.00554	8.44	10	55	356	40738	5	3.5	5	4	3	0	0.04	0.02	0.16	0.78	0	0.005	0.8375	1	1.5	1.25	1.97	5.6933	1	0.46	0.7	0.21	0.67	0.88	0.9	2.8	0.025	0.007	0.008	21	37	0.072500316	0.027027027	0.022370257	0.004187651	0.134261373	0.111185128	0.060460154	295548	0.525978776	46.036	0.744199186	0.99	0.46036
Cameroon	0.0347	27224262	0.009	4.37	10	29	1851	108451	5	3.5	5	4	3	0	0.04	0.02	0.16	0.78	0	0.005	0.8375	1	1.5	1.25	1.97	5.6933	1	0.65	0.7	0.21	0.67	0.88	0.9	2.8	0.025	0.007	0.008	21	375	0.003983616	0.002666667	0.016905011	0.020618958	0.004475242	0.010952506	0.004508003	11922360	0.43793143	2.485	0.451898834	0.231868669	0.02485
Central African Republic	0.035226	4919987	0.0117	4.3	10	3	101	8569	5	3.5	5	4	3	0	0.04	0.02	0.16	0.78	0	0.005	0.8375	1	1.5	1.25	1.97	5.6933	1	0.85	0.7	0.21	0.67	0.88	0.9	2.8	0.025	0.007	0.008	21	86	0.001741671	0.011627907	0.019354316	0.020449519	0.015501266	0.023962872	0.022505019	2123225	0.431550937	8.832	0.481756358	0.105010915	0.08832
Chad	0.0409	16914985	0.0119	4.45	10	2	181	5707	5	3.5	5	4	3	0	0.04	0.02	0.16	0.78	0	0.005	0.8375	1	1.5	1.25	1.97	5.6933	1	0.55	0.7	0.21	0.67	0.88	0.9	2.8	0.025	0.007	0.008	21	425	0.000337393	0.002352941	0.012819166	0.006871461	0.006418578	0.012659583	0.003016274	7177459	0.424325472	0.57	0.427606817	0.019377338	0.0057
Comoros	0.0308	888456	0.0071	8.9	10	2	158	6657	5	3.5	5	4	3	0	0.04	0.02	0.16	0.78	0	0.005	0.8375	1	1.5	1.25	1.97	5.6933	1	0.95	0.7	0.21	0.67	0.88	0.9	2.8	0.025	0.007	0.008	21	14.5	0.007492774	0.068965517	0.014527866	0.000598581	0.013682426	0.018375044	0.100192179	393751	0.443185706	28.305	0.600791992	0.537193841	0.28305
Congo	0.03122	5657017	0.0064	7.5	10	14	371	20089	5	3.5	5	4	3	0	0.04	0.02	0.16	0.78	0	0.005	0.8375	1	1.5	1.25	1.97	5.6933	1	0.655	0.7	0.21	0.67	0.88	0.9	2.8	0.025	0.007	0.008	21	116	0.003551165	0.00862069	0.019774	0.015008224	0.012796275	0.020998111	0.017046552	2471580	0.436905175	10.576	0.496458083	0.221799284	0.10576
Cote d Ivoire	0.0352	27053629	0.0097	3.9	10	39	712	68146	5	3.5	5	4	3	0	0.04	0.02	0.16	0.78	0	0.005	0.8375	1	1.5	1.25	1.97	5.6933	1	0.255	0.7	0.21	0.67	0.88	0.9	2.8	0.025	0.007	0.008	21	1050	0.002518923	0.000952381	0.019774	0.014967476	0.002810783	0.011553667	0.001883238	11775339	0.435259129	8.198	0.481556586	0.154649966	0.08198
Democratic Republic of the Congo	0.0401	92377986	0.0091	5.2	10	17	1205	76021	5	3.5	5	4	3	0	0.04	0.02	0.16	0.78	0	0.005	0.8375	1	1.5	1.25	1.97	5.6933	1	0.755	0.7	0.21	0.67	0.88	0.9	2.8	0.025	0.007	0.008	21	3698.4	0.000822934	0.000270387	0.019774	0.004297432	0.001990613	0.011553667	0.000534664	40070320	0.433764815	0.132	0.434512245	0.047456606	0.00132
Equatorial Guinea	0.03217	1449891	0.0089	5.31	10	9	175	13714	5	3.5	5	4	3	0	0.04	0.02	0.16	0.78	0	0.005	0.8375	1	1.5	1.25	1.97	5.6933	1	0.855	0.7	0.21	0.67	0.88	0.9	2.8	0.025	0.007	0.008	21	19.5	0.009458642	0.051282051	0.016358253	0.044591378	0.015805257	0.019290238	0.083888477	642309	0.443005026	14.495	0.523741447	0.572256018	0.14495
Eritrea	0.0292	3601462	0.0069	4.95	10	1	131	7982	5	3.5	5	4	3	0	0.04	0.02	0.16	0.78	0	0.005	0.8375	1	1.5	1.25	1.97	5.6933	1	0.955	0.7	0.21	0.67	0.88	0.9	2.8	0.025	0.007	0.008	21	122	0.002216322	0.008196721	0.014406753	0.004396333	0.051059153	0.057203377	0.011808814	1568640	0.435556449	0	0.435556449	0.119616106	0
Eswatini	0.0257	1172369	0.0089	8.1	10	0	1307	65834	5	3.5	5	4	3	0	0.04	0.02	0.16	0.78	0	0.005	0.8375	1	1.5	1.25	1.97	5.6933	1	0.75	0.7	0.21	0.67	0.88	0.9	2.8	0.025	0.007	0.008	21	27	0.056154675	0.037037037	0.021959605	0.171482833	0.122451549	0.110979802	0.08133187	601538	0.513096133	26.057	0.639968673	0.99	0.26057
Gabon	0.0303	2278829	0.0066	6.89	10	14	288	41073	6	3.5	5	4	3	0	0.04	0.02	0.16	0.78	0	0.005	0.8375	1	1.5	1.25	1.97	5.6933	1	0.755	0.7	0.21	0.67	0.88	0.9	2.8	0.025	0.007	0.008	21	71	0.018023731	0.014084507	0.023391581	0.024357197	0.028247876	0.031695791	0.032945889	1039165	0.456008327	8.606	0.50282425	0.99	0.08606
Gambia	0.0376	2486937	0.0076	3.85	10	7	343	10176	5	3.5	5	4	3	0	0.04	0.02	0.16	0.78	0	0.005	0.8375	1	1.5	1.25	1.97	5.6933	1	0.055	0.7	0.21	0.67	0.88	0.9	2.8	0.025	0.007	0.008	21	91	0.00409178	0.010989011	0.019774	0.010387539	0.027017341	0.034887	0.02172967	1088735	0.437781496	9.75	0.4925978	0.213709491	0.0975
Ghana	0.02883	31732128	0.00715	3.44	10	16	1287	141295	5	3.5	5	4	3	0	0.04	0.02	0.16	0.78	0	0.005	0.8375	1	1.5	1.25	1.97	5.6933	1	0.055	0.7	0.21	0.67	0.88	0.9	2.8	0.025	0.007	0.008	21	1000	0.004452743	0.001	0.017135066	0.010451252	0.00456803	0.011067533	0.001713507	13953560	0.439729728	7.511	0.481811628	0.255217646	0.07511
Guinea	0.03574	13497237	0.008	6.81	10	13	421	31645	5	3.5	5	4	3	0	0.04	0.02	0.16	0.78	0	0.005	0.8375	1	1.5	1.25	1.97	5.6933	1	0.035	0.7	0.21	0.67	0.88	0.9	2.8	0.025	0.007	0.008	21	640	0.002344554	0.0015625	0.015842431	0.008083776	0.0111409	0.017921216	0.00247538	5882987	0.435866022	7.759	0.479637177	0.142298735	0.07759
GuineaBissau	0.034	2015490	0.0093	9.64	10	10	149	6476	5	3.5	5	4	3	0	0.04	0.02	0.16	0.78	0	0.005	0.8375	1	1.5	1.25	1.97	5.6933	1	0.035	0.7	0.21	0.67	0.88	0.9	2.8	0.025	0.007	0.008	21	42	0.003213114	0.023809524	0.015429539	0.020476287	0.014099611	0.02021477	0.036736998	877530	0.435392882	1.176	0.442032662	0.182603746	0.01176
Lesotho	0.02617	2159067	0.0137	4.96	10	0	673	28408	5	3.5	5	4	3	0	0.04	0.02	0.16	0.78	0	0.005	0.8375	1	1.5	1.25	1.97	5.6933	1	0.05	0.7	0.21	0.67	0.88	0.9	2.8	0.025	0.007	0.008	21	26	0.013157535	0.038461538	0.027839047	0.152476607	0.105349996	0.113919524	0.107073258	978338	0.453129986	34.338	0.640914212	0.99	0.34338
Liberia	0.03258	5180208	0.0073	4.85	10	2	287	6656	5	3.5	5	4	3	0	0.04	0.02	0.16	0.78	0	0.005	0.8375	1	1.5	1.25	1.97	5.6933	1	0.05	0.7	0.21	0.67	0.88	0.9	2.8	0.025	0.007	0.008	21	96	0.00128489	0.010416667	0.015440961	0.007564579	0.01056407	0.017720481	0.016084334	2242665	0.432929527	19.464	0.543304124	0.087614988	0.19464
Madagascar	0.03226	28427333	0.0058	3.3	10	19	1027	50335	5	3.5	5	4	3	0	0.04	0.02	0.16	0.78	0	0.005	0.8375	1	1.5	1.25	1.97	5.6933	1	0.06	0.7	0.21	0.67	0.88	0.9	2.8	0.025	0.007	0.008	21	510	0.001770655	0.001960784	0.014714993	0.001770911	0.003287974	0.009857496	0.002885293	12262540	0.43136442	1.954	0.442475559	0.101303754	0.01954
Malawi	0.03371	19647681	0.0063	4.12	10	1	2355	74201	5	3.5	5	4	3	0	0.04	0.02	0.16	0.78	0	0.005	0.8375	1	1.5	1.25	1.97	5.6933	1	0.06	0.7	0.21	0.67	0.88	0.9	2.8	0.025	0.007	0.008	21	410	0.003776578	0.002439024	0.019832099	0.05205726	0.004084538	0.01241605	0.004837097	8595493	0.437481299	3.593	0.457692596	0.218327965	0.03593
Mali	0.0406	20855724	0.0092	6.2	10	21	666	20671	5	3.5	5	4	3	0	0.04	0.02	0.16	0.78	0	0.005	0.8375	1	1.5	1.25	1.97	5.6933	1	0.065	0.7	0.21	0.67	0.88	0.9	2.8	0.025	0.007	0.008	21	610	0.000991143	0.001639344	0.01595952	0.007410714	0.010445729	0.01797976	0.002616315	9046812	0.433780769	2.031	0.445280682	0.05851201	0.02031
Mauritania	0.0328	4775110	0.007	4.89	10	5	863	41160	5	3.5	5	4	3	0	0.04	0.02	0.16	0.78	0	0.005	0.8375	1	1.5	1.25	1.97	5.6933	1	0.065	0.7	0.21	0.67	0.88	0.9	2.8	0.025	0.007	0.008	21	660	0.008619697	0.001515152	0.054797836	0.001357587	0.01416514	0.037398918	0.008302702	2117914	0.443531981	19.843	0.55395193	0.565934747	0.19843
Mauritius	0.01009	1273428	0.0087	4.3	10	66	786	68310	4	3.5	5	4	3	0	0.04	0.02	0.16	0.78	0	0.005	0.8375	1	1.5	1.25	1.97	5.6933	1	0.05	0.7	0.21	0.67	0.88	0.9	2.8	0.025	0.007	0.008	21	26	0.053642609	0.038461538	0.016325927	0.009574024	0.124626834	0.108162963	0.062792027	616380	0.484032077	71.546	0.853186487	0.99	0.71546
Mozambique	0.03698	32163045	0.008	2.55	10	19	1976	175648	5	3.5	5	4	3	0	0.04	0.02	0.16	0.78	0	0.005	0.8375	1	1.5	1.25	1.97	5.6933	1	0.05	0.7	0.21	0.67	0.88	0.9	2.8	0.025	0.007	0.008	21	1000	0.005461174	0.001	0.017770202	0.069539072	0.003388984	0.009885101	0.00177702	14116565	0.43890636	18.954	0.545256048	0.324680208	0.18954
Namibia	0.0277	2587344	0.0077	9.57	10	6	3620	146726	5	3.5	5	4	3	0	0.04	0.02	0.16	0.78	0	0.005	0.8375	1	1.5	1.25	1.97	5.6933	1	0.05	0.7	0.21	0.67	0.88	0.9	2.8	0.025	0.007	0.008	21	355	0.056709119	0.002816901	0.052426045	0.082253718	0.03202665	0.032879689	0.0147679	1302837	0.503542243	13.539	0.570757658	0.99	0.13539
Niger	0.0452	25130810	0.0078	7.9	10	6	274	7371	5	3.5	5	4	3	0	0.04	0.02	0.16	0.78	0	0.005	0.8375	1	1.5	1.25	1.97	5.6933	1	0.05	0.7	0.21	0.67	0.88	0.9	2.8	0.025	0.007	0.008	21	565	0.000293305	0.001769912	0.012801962	0.001494045	0.005142475	0.011400981	0.002265834	10874074	0.432698906	3.98	0.45527749	0.017155994	0.0398
Nigeria	0.03726	211400704	0.0114	3.68	10	28	3034	241607	5	3.5	5	4	3	0	0.04	0.02	0.16	0.78	0	0.005	0.8375	1	1.5	1.25	1.97	5.6933	1	0.05	0.7	0.21	0.67	0.88	0.9	2.8	0.025	0.007	0.008	21	5500	0.001142886	0.000181818	0.013986029	0.008401251	0.001514381	0.007993015	0.000254291	91737574	0.433951128	2.175	0.446262691	0.062155597	0.02175
Rwanda	0.03092	13276517	0.005	2.69	10	5	1349	110648	5	3.5	5	4	3	0	0.04	0.02	0.16	0.78	0	0.005	0.8375	1	1.5	1.25	1.97	5.6933	1	0.05	0.7	0.21	0.67	0.88	0.9	2.8	0.025	0.007	0.008	21	550	0.008334114	0.001818182	0.015509874	0.014965716	0.008789925	0.012754937	0.002819977	5870486	0.442170639	41.963	0.676252574	0.648000605	0.41963
Sao Tome and Principe	0.0308	223364	0.00471	21	10	8	59	4029	5	3.5	5	4	3	0	0.04	0.02	0.16	0.78	0	0.005	0.8375	1	1.5	1.25	1.97	5.6933	1	0.075	0.7	0.21	0.67	0.88	0.9	2.8	0.025	0.007	0.008	21	3.9	0.018037822	0.256410256	0.0144363	0.000285802	0.258356315	0.25721815	0.370161538	101760	0.455579234	23.369	0.582804923	0.9	0.23369
Senegal	0.0334	17196308	0.0055	2.5	10	83	1890	74870	5	3.5	5	4	3	0	0.04	0.02	0.16	0.78	0	0.005	0.8375	1	1.5	1.25	1.97	5.6933	1	0.05	0.7	0.21	0.67	0.88	0.9	2.8	0.025	0.007	0.008	21	640	0.004353842	0.0015625	0.015089292	0.002284735	0.004654125	0.010044646	0.002357702	7530875	0.437935573	5.642	0.469647248	0.257514028	0.05642
Seychelles	0.0161	98910	0.007921	5.3	10	22	126	24661	5	3.5	5	4	3	0	0.04	0.02	0.16	0.78	0	0.005	0.8375	1	1.5	1.25	1.97	5.6933	1	0.075	0.7	0.21	0.67	0.88	0.9	2.8	0.025	0.007	0.008	21	16.3	0.249327672	0.061349693	0.043060401	0.000388808	0.263679102	0.164387343	0.264174239	75524	0.763562835	79.578	0.951714802	0.99	0.79578
Sierra Leone	0.0324	8141343	0.0113	6.39	10	2	123	6983	5	3.5	5	4	3	0	0.04	0.02	0.16	0.78	0	0.005	0.8375	1	1.5	1.25	1.97	5.6933	1	0.075	0.7	0.21	0.67	0.88	0.9	2.8	0.025	0.007	0.008	21	215	0.000857721	0.004651163	0.012867682	0.008686318	0.010394407	0.016433841	0.005984968	3507473	0.430822409	4.829	0.458307994	0.050282245	0.04829
South Sudan	0.03477	11381377	0.0102	7.8	10	1	143	15248	5	3.5	5	4	3	0	0.04	0.02	0.16	0.78	0	0.005	0.8375	1	1.5	1.25	1.97	5.6933	1	0.05	0.7	0.21	0.67	0.88	0.9	2.8	0.025	0.007	0.008	21	290	0.001339732	0.003448276	0.018482095	0.014581661	0.010566891	0.019241047	0.006373136	4941483	0.434172684	1.73	0.443961497	0.078197297	0.0173
Togo	0.032604	8478242	0.0082	5.87	10	8	248	30169	5	3.5	5	4	3	0	0.04	0.02	0.16	0.78	0	0.005	0.8375	1	1.5	1.25	1.97	5.6933	1	0.05	0.7	0.21	0.67	0.88	0.9	2.8	0.025	0.007	0.008	21	310	0.003558403	0.003225806	0.014468529	0.013436238	0.009249234	0.014926572	0.004667267	3707521	0.437298322	12.331	0.506685066	0.223014586	0.12331
Uganda	0.03645	47123533	0.0062	5.5	10	7	2910	120404	5	3.5	5	4	3	0	0.04	0.02	0.16	0.78	0	0.005	0.8375	1	1.5	1.25	1.97	5.6933	1	0.05	0.7	0.21	0.67	0.88	0.9	2.8	0.025	0.007	0.008	21	1250	0.002555072	0.0008	0.011553807	0.02980457	0.001692527	0.006110237	0.000924305	20552111	0.436132643	3.079	0.453494119	0.131585295	0.03079
United Republic of Tanzania	0.036199	61498438	0.0061	6.88	10	23	737	29306	5	3.5	5	4	3	0	0.04	0.02	0.16	0.78	0	0.005	0.8375	1	1.5	1.25	1.97	5.6933	1	0.05	0.7	0.21	0.67	0.88	0.9	2.8	0.025	0.007	0.008	21	53	0.000476532	0.018867925	0.019774	0.025341611	0.001047233	0.010720333	0.037309434	26279966	0.427327374	2.275	0.440355676	0.023072636	0.02275
Zambia	0.035733	18920657	0.0062	2.57	10	3	3730	249199	5	3.5	5	4	3	0	0.04	0.02	0.16	0.78	0	0.005	0.8375	1	1.5	1.25	1.97	5.6933	1	0.05	0.7	0.21	0.67	0.88	0.9	2.8	0.025	0.007	0.008	21	472	0.013170737	0.002118644	0.014941171	0.062397089	0.008077951	0.009970586	0.003165502	8529905	0.45082499	3.41	0.469551858	0.665020867	0.0341
Zimbabwe	0.029583	15092171	0.0077	3.99	10	3	4999	211728	5	3.5	5	4	3	0	0.04	0.02	0.16	0.78	0	0.005	0.8375	1	1.5	1.25	1.97	5.6933	1	0.035	0.7	0.21	0.67	0.88	0.9	2.8	0.025	0.007	0.008	21	290	0.014028996	0.003448276	0.015252519	0.074669796	0.008037308	0.01012626	0.005259489	6841779	0.45333299	21.058	0.568450129	0.65	0.21058
